L=6 block_size=2
mask=block_diff_mask
1 1 0 0 0 0 0 0 0 0 0 0
1 1 0 0 0 0 0 0 0 0 0 0
0 0 1 1 0 0 1 1 0 0 0 0
0 0 1 1 0 0 1 1 0 0 0 0
0 0 0 0 1 1 1 1 1 1 0 0
0 0 0 0 1 1 1 1 1 1 0 0
0 0 0 0 0 0 1 1 0 0 0 0
0 0 0 0 0 0 1 1 0 0 0 0
0 0 0 0 0 0 1 1 1 1 0 0
0 0 0 0 0 0 1 1 1 1 0 0
0 0 0 0 0 0 1 1 1 1 1 1
0 0 0 0 0 0 1 1 1 1 1 1

mask=block_diff_mask_causal
1 0 0 0 0 0 0 0 0 0 0 0
1 1 0 0 0 0 0 0 0 0 0 0
0 0 1 0 0 0 1 1 0 0 0 0
0 0 1 1 0 0 1 1 0 0 0 0
0 0 0 0 1 0 1 1 1 1 0 0
0 0 0 0 1 1 1 1 1 1 0 0
0 0 0 0 0 0 1 0 0 0 0 0
0 0 0 0 0 0 1 1 0 0 0 0
0 0 0 0 0 0 1 1 1 0 0 0
0 0 0 0 0 0 1 1 1 1 0 0
0 0 0 0 0 0 1 1 1 1 1 0
0 0 0 0 0 0 1 1 1 1 1 1
